161.8,161.9,161.9,161.9,161.9,161.9,161.8,161.9,162.0,162.0,
162.0,162.0,162.0,162.0,162.0,162.0,162.1,162.1,162.1,162.1,
162.1,162.1,162.1,162.1,162.1,162.1,162.0,162.0,161.9,161.9,
161.9,161.9,161.9,161.9,161.9,162.0,162.1,162.2,162.3,162.4,
162.4,162.4,162.5,162.5,162.5,162.4,162.4,162.4,162.4,162.4,
162.4,162.4,162.4,162.4,162.5,162.6,162.5,162.5,162.5,162.5,
162.5,162.6,162.6,162.6,162.6,162.6,162.6,162.6,162.6,162.6,
162.6,162.6,162.6,162.6,162.6,162.6,162.6,162.6,162.5,162.5,
162.5,162.5,162.5,162.5,162.5,162.6,162.5,162.5,162.5,162.5,
162.5,162.5,162.4,162.3,162.2,162.2,162.2,162.2,162.1,162.1,
162.0,162.0,162.0,162.0,162.0,162.0,162.1,162.1,162.0,162.1,
162.1,162.1,162.1,162.1,162.2,162.2,162.2,162.2,162.2,162.3,
162.3,162.2,162.2,162.1,162.1,162.1,162.1,162.1,162.0,162.0,
161.9,161.9,161.9,161.9,161.9,161.9,161.9,161.9,161.9,161.9,
161.9,161.9,161.9,161.9,161.9,162.0,162.0,162.0,162.0,162.0,
162.0,162.0,162.0,162.0,161.9,161.9,161.9,161.9,161.9,161.9,
161.9,161.9,161.9,161.9,161.9,161.9,161.9,161.9,162.0,162.0,
161.9,161.9,161.9,161.9,161.9,161.9,161.9,161.9,161.9,162.0,
162.0,161.9,145.8,129.7,113.6,97.4,87.3,71.5,59.3,59.3,
59.4,75.6,91.8,107.9,124.1,139.8,149.9,162.2,162.2,162.2,
162.2,162.1,162.1,162.0,162.0,161.9,162.0,161.9,161.8,161.8,
161.7,161.9,161.9,158.7,145.5,127.5,109.3,91.1,76.1,57.7,
39.4,21.0,15.7,15.5,15.2,14.9,14.6,14.4,14.4,14.3,
14.2,14.2,14.2,14.1,14.1,14.2,14.3,14.4,14.4,14.5,
14.6,14.7,14.8,15.1,15.3,15.4,15.6,15.8,16.0,16.1,
16.2,16.3,16.4,16.5,16.6,16.7,16.9,17.2,17.4,17.8,
18.1,18.5,19.0,19.6,20.2,20.7,21.3,21.9,22.7,23.4,
24.0,24.7,25.5,26.3,27.1,27.8,28.6,29.4,30.2,31.0,
31.6,32.4,33.3,34.0,36.2,38.3,40.6,42.7,44.9,46.8,
48.7,50.7,51.3,52.2,52.9,53.6,54.4,55.2,55.9,56.7,
57.5,57.5,57.5,57.9,57.5,56.9,57.4,57.3,57.1,56.8,
56.4,56.4,57.2,56.7,56.6,57.9,57.4,57.4,57.4,57.4,
57.4,57.4,57.2,57.2,57.3,57.3,57.1,57.2,57.2,57.2,
57.2,57.2,57.2,57.2,57.2,57.1,57.1,57.0,56.9,57.0,
57.0,56.9,57.0,57.0,57.0,57.1,57.2,57.2,57.2,57.2,
57.2,57.4,57.5,57.4,57.4,57.4,56.6,57.5,58.4,71.4,
85.1,97.4,110.4,123.5,136.7,149.7,161.9,161.9,161.9,161.9,
161.9,161.9,161.9,161.9,161.9,161.9,161.9,162.0,162.0,162.0,
162.1,162.0,162.0,162.0,161.9,161.9,161.9,161.8,161.8,161.8,
161.8,161.8,161.8,161.9,161.9,161.9,162.0,162.0,162.1,162.1,
162.2,162.1,162.1,162.1,162.0,162.0,162.0,161.9,161.9,161.8,
161.8,161.8,161.8,161.7,161.7,161.7,161.7,161.7,161.7,161.6,
161.6,161.7,161.7,161.7,147.5,135.3,121.7,108.1,95.0,80.8,
66.1,54.2,52.5,54.8,57.3,69.5,83.1,83.4,96.5,111.2,
112.2,110.5,110.3,109.6,95.7,83.0,69.1,70.2,56.3,56.0,
54.8,56.0,56.0,55.6,55.6,55.4,55.4,55.1,55.1,55.1,
55.1,55.5,55.5,55.3,55.3,55.4,55.4,55.6,55.7,55.3,
56.8,56.6,56.7,57.1,57.2,57.9,71.7,84.2,87.0,89.0,
89.0,101.6,104.7,117.3,117.3,117.1,103.9,90.9,101.8,112.6,
100.2,87.1,84.8,71.7,71.0,71.0,71.0,71.0,59.1,57.9,
57.2,57.2,57.1,57.1,57.1,57.1,57.1,57.1,57.1,57.1,
57.1,57.0,56.3,57.2,57.2,57.2,57.2,57.9,57.0,57.0,
57.0,57.0,57.0,57.0,57.0,57.0,57.0,57.0,57.0,57.0,
57.0,57.0,57.0,57.0,57.0,57.0,57.0,57.0,57.0,57.0,
57.0,57.0,57.0,57.0,57.0,57.0,57.0,57.0,57.0,57.0,
57.0,57.0,57.0,57.0,57.0,57.0,56.4,57.2,56.6,57.8,
58.4,57.0,57.9,57.9,57.3,58.3,58.9,57.7,59.5,71.4,
84.6,98.4,110.6,123.7,136.9,149.1,162.2,162.2,162.2,162.1,
162.1,162.1,162.0,162.1,154.8,142.4,128.7,115.1,102.0,95.5,
81.7,69.2,56.1,55.3,54.1,55.3,55.3,56.1,55.5,56.4,
56.5,55.3,56.0,55.4,56.9,56.0,56.6,55.6,57.1,57.7,
58.2,58.8,58.1,58.7,58.5,58.5,57.9,59.5,58.1,57.9,
57.2,57.4,57.4,57.4,56.7,55.9,56.9,56.1,56.8,56.8,
59.8,63.6,67.6,71.7,76.0,81.7,87.1,92.9,96.4,96.4,
98.4,107.4,116.5,125.3,132.7,140.1,147.4,154.7,161.9,161.9,
161.9,161.8,161.8,161.8,161.8,161.8,161.8,161.8,161.8,161.8,
161.8,161.8,161.8,161.8,161.8,161.9,161.9,161.9,161.9,161.9,
161.9,161.9,161.9,161.9,162.0,162.0,162.0,162.0,162.0,162.0,
161.9,162.0,162.0,162.0,161.9,161.9,161.9,161.9,161.9,161.9,
161.9,161.9,161.9,161.9,161.9,161.9,161.9,161.8,161.9,161.9,
161.9,161.9,162.0,162.0,162.1,162.1,162.1,162.2,162.2,162.3,
162.3,162.2,162.2,162.1,162.1,162.1,162.2,162.2,162.2,162.2,
162.2,162.2,162.2,162.2,162.2,162.2,162.2,162.2,162.2,162.1,
162.0,161.9,161.8,148.8,135.7,133.5,120.3,106.5,92.7,78.7,
64.9,53.0,52.0,51.3,50.2,49.0,47.7,46.4,46.5,48.7,
62.6,62.1,60.8,64.6,79.7,88.3,96.7,104.9,109.6,102.4,
95.1,109.7,112.5,119.8,119.8,126.4,125.8,132.9,139.8,144.0,
148.2,145.2,145.1,126.9,108.8,90.6,79.8,72.3,67.5,62.5,
47.5,47.5,57.9,68.4,78.9,79.0,79.0,68.5,58.1,47.8,
47.8,37.4,27.1,16.6,16.6,27.3,38.2,49.6,49.7,49.9,
50.1,50.1,50.2,50.2,39.1,28.6,26.2,26.2,37.6,49.2,
62.7,77.1,91.5,105.8,119.8,124.4,127.2,129.6,131.0,130.3,
128.7,125.2,110.8,96.4,82.1,69.1,65.4,62.3,62.3,62.3,
64.3,77.6,95.8,113.9,132.1,139.6,146.9,152.2,157.3,162.2,
162.3,162.3,162.3,162.3,162.3,162.3,162.3,162.4,162.3,162.4,
162.4,162.4,162.4,162.5,162.5,162.5,162.5,162.5,162.5,162.4,
162.4,162.4,162.5,162.5,162.5,162.5,162.5,162.5,162.5,162.6,
162.6,162.6,162.5,162.5,162.4,162.4,162.4,162.4,162.3,162.2,
162.2,162.2,162.2,162.2,162.3,162.3,162.3,162.2,162.3,162.2,
154.0,154.0,142.9,130.6,117.4,103.4,91.2,77.2,65.1,60.2,
57.4,57.2,57.4,57.5,57.5,57.8,57.7,57.7,55.3,53.7,
54.5,52.7,51.5,47.6,46.8,46.2,45.3,45.8,46.4,46.0,
45.0,44.2,45.6,46.1,45.6,45.7,45.4,45.8,45.8,46.9,
47.8,49.2,50.6,51.0,51.8,52.1,52.3,53.2,53.1,53.6,
53.5,53.3,52.3,52.8,52.8,53.0,53.9,53.2,55.1,54.9,
54.9,55.3,55.3,56.9,57.3,57.3,56.5,56.4,55.2,55.4,
56.4,56.5,57.5,57.5,57.7,58.7,59.1,60.0,60.9,62.2,
65.7,66.7,67.6,68.5,69.2,69.2,68.1,67.2,63.5,62.1,
62.1,64.1,66.4,68.8,80.7,93.8,107.0,120.1,133.1,143.1,
152.8,162.3,162.3,162.3,162.3,162.2,162.2,162.1,162.2,162.2,
162.1,162.1,162.1,162.0,162.0,162.1,162.0,162.1,162.1,162.1,
162.1,162.1,162.1,162.0,162.1,162.1,162.1,162.1,162.1,162.1,
162.1,162.1,162.1,162.1,162.1,162.1,162.1,162.1,162.1,162.1,
162.1,162.1,162.1,162.1,162.0,162.0,161.9,161.8,161.8,149.9,
136.8,123.2,110.1,97.0,83.9,72.1,72.1,59.1,57.3,57.0,
56.4,56.1,55.3,54.4,53.5,51.0,49.9,49.3,48.5,47.6,
46.5,45.4,44.1,42.6,41.3,40.0,39.0,38.2,37.7,37.7,
37.2,36.3,35.5,34.7,33.8,32.8,31.8,30.7,29.4,28.6,
27.9,27.3,26.7,26.1,25.5,24.8,24.2,23.7,23.3,22.9,
22.5,22.0,21.5,21.1,20.6,20.1,19.6,19.1,18.6,18.2,
17.8,17.5,17.2,17.0,16.8,16.5,16.3,16.3,16.2,16.1,
16.0,15.8,15.7,15.5,15.3,15.1,14.9,14.7,14.5,14.6,
14.8,15.0,15.3,15.5,15.7,15.8,16.1,16.3,16.6,21.3,
21.2,21.1,16.5,16.6,16.6,21.8,30.4,48.5,54.1,54.2,
58.6,64.3,69.3,73.6,74.9,70.6,58.0,56.7,56.8,55.9,
55.9,56.5,56.5,56.6,54.4,56.5,55.4,55.2,55.3,57.6,
72.2,83.9,97.0,110.9,124.8,136.3,150.1,161.8,161.8,161.8,
161.8,161.8,161.8,161.8,161.9,161.9,161.9,162.0,162.0,162.1,
162.1,162.2,162.2,162.2,162.2,162.2,162.2,162.2,162.2,162.2,
162.2,162.2,162.2,162.1,162.1,162.0,162.0,161.9,161.9,161.9,
161.8,161.8,161.8,161.8,161.8,161.8,161.8,161.8,161.9,161.9,
162.0,162.1,162.1,162.2,162.2,162.3,162.2,162.3,162.3,162.3,
162.3,162.3,162.3,162.3,162.4,162.4,162.4,162.4,162.5,162.5,
162.5,162.5,162.6,162.6,162.5,162.5,162.4,162.4,162.3,162.2,
162.1,154.8,154.8,154.8,154.8,154.8,154.8,154.8,154.9,162.1,
162.1,162.1,162.1,162.1,162.1,162.0,162.1,162.0,154.8,147.3,
140.0,132.7,125.1,117.5,109.8,102.2,101.8,101.7,101.0,100.2,
98.8,97.5,96.2,89.9,83.7,77.5,71.5,65.9,65.9,66.5,
66.2,66.0,71.0,75.9,80.8,85.7,91.4,92.3,91.4,85.2,
79.9,74.5,68.9,66.1,62.6,58.5,52.1,52.1,51.9,51.8,
51.4,51.0,50.9,47.9,45.7,44.0,43.8,43.7,43.6,43.7,
43.8,43.9,43.8,43.6,43.6,43.8,43.8,43.6,43.5,43.3,
43.1,42.7,42.5,42.3,42.2,42.0,41.9,41.8,41.7,41.7,
41.8,41.8,41.8,41.9,41.9,41.9,42.1,42.2,42.3,42.3,
42.3,42.4,42.4,42.5,42.5,42.4,42.3,42.2,42.2,42.0,
41.9,41.8,41.7,41.7,41.7,41.7,41.6,41.7,41.7,41.7,
41.7,41.6,41.5,41.3,41.2,41.0,40.9,40.9,40.9,41.1,
41.1,41.2,41.2,41.2,41.1,41.2,41.0,40.6,40.2,39.7,
39.3,39.0,38.7,38.4,38.2,37.9,37.7,37.7,37.4,37.2,
37.1,37.0,36.8,36.7,36.7,36.6,36.5,36.3,36.3,36.3,
36.3,36.2,36.1,36.1,36.1,36.0,36.0,35.9,35.8,35.7,
35.6,35.6,35.5,35.5,35.5,35.6,35.7,35.7,35.8,35.8,
35.9,36.0,36.1,36.1,36.1,36.1,36.1,36.4,38.4,41.0,
42.8,46.2,48.1,51.8,52.1,52.2,52.2,49.9,48.1,44.7,
43.1,39.5,37.7,37.4,37.3,37.3,37.2,37.3,37.4,37.6,
37.8,38.1,38.4,38.7,38.9,39.3,39.7,40.1,40.3,40.6,
41.0,41.3,42.8,45.7,47.8,49.2,49.6,52.5,52.9,53.2,
53.4,50.9,50.2,48.1,46.8,46.2,46.4,46.4,46.7,46.9,
47.3,47.7,47.9,48.1,48.5,48.7,49.1,49.2,49.6,49.9,
50.1,50.2,50.3,50.5,50.7,50.8,51.1,51.3,51.5,51.8,
52.0,52.4,52.9,52.9,53.3,53.4,53.4,53.8,53.8,53.9,
53.9,54.2,53.9,54.2,53.7,54.3,54.3,54.6,54.5,54.8,
54.8,55.0,55.5,55.3,56.2,55.5,56.5,56.2,56.3,55.5,
55.6,54.8,55.2,55.8,54.8,56.0,55.0,54.4,55.6,55.5,
55.5,55.3,55.3,54.7,56.3,55.1,56.3,56.4,56.3,56.3,
56.1,57.5,56.1,57.6,56.1,57.5,56.2,57.5,56.1,57.3,
57.3,57.2,57.2,57.1,57.1,56.8,56.7,56.5,56.4,56.3,
56.3,55.9,55.8,55.6,55.5,55.1,55.2,54.8,54.8,54.8,
56.8,69.7,83.6,96.4,97.8,97.1,97.7,97.0,98.3,96.3,
82.5,70.2,56.5,56.5,55.1,55.8,55.2,57.2,55.8,57.8,
59.7,72.1,85.9,97.7,111.6,124.8,138.5,150.4,162.3,162.4,
162.3,162.3,162.3,162.3,162.3,162.3,162.3,162.3,162.3,162.3,
162.3,162.2,162.2,162.2,162.2,162.2,162.3,162.3,162.3,162.3,
162.3,162.3,162.3,162.3,162.3,162.3,162.2,162.2,162.3,162.2,
162.2,162.1,162.1,162.1,162.1,162.1,162.1,162.1,162.1,162.1,
162.0,162.1,162.0,162.0,162.0,162.0,161.9,162.0,161.9,161.9,
161.9,161.8,161.8,161.7,161.7,161.7,161.8,161.7,161.7,161.8,
161.9,161.9,162.0,162.0,162.0,162.0,161.9,161.9,162.0,162.0,
154.7,140.1,125.6,113.3,99.4,87.6,74.0,60.2,53.7,52.2,
53.3,54.1,55.0,53.4,54.0,53.4,53.9,53.9,54.4,53.8,
53.5,54.1,53.5,54.6,54.1,55.7,55.1,57.2,56.6,57.4,
57.4,57.3,57.3,57.0,57.0,56.6,56.6,55.6,55.5,55.5,
55.4,54.4,54.3,53.9,53.8,53.8,53.8,53.5,53.6,53.6,
53.6,52.9,53.6,53.3,53.0,52.0,51.8,51.1,50.6,49.3,
48.7,48.0,47.4,46.9,46.7,46.3,45.7,45.2,45.0,44.9,
45.2,45.0,45.3,45.7,46.1,46.8,49.4,50.2,52.7,53.4,
53.9,56.2,56.2,58.3,56.7,58.8,57.3,59.3,57.4,59.4,
61.5,73.6,87.3,99.1,112.9,124.7,138.5,150.3,162.1,162.1,
162.1,162.2,162.2,162.2,162.2,162.2,162.2,162.2,162.2,162.2,
162.2,162.1,162.1,162.0,162.0,162.0,162.0,162.0,162.0,162.0,
162.0,162.0,162.0,162.0,162.0,162.0,161.9,161.9,161.9,161.9,
161.9,161.9,161.9,161.9,161.9,161.9,161.9,161.9,161.9,161.9,
162.0,162.0,162.0,147.1,132.0,117.0,101.8,87.1,72.3,57.6,
42.8,42.8,42.9,43.3,43.8,44.6,45.2,45.9,46.6,47.4,
48.1,48.8,49.5,50.1,51.1,51.4,53.3,53.6,55.4,55.5,
55.6,57.7,56.9,58.6,56.9,59.0,57.2,58.9,56.8,58.9,
61.0,72.7,86.5,98.7,112.5,124.3,138.1,150.3,162.0,162.0,
162.0,162.0,162.1,162.1,162.0,162.0,161.9,161.9,161.9,161.8,
161.9,161.9,161.8,148.9,135.1,121.4,107.7,94.0,81.5,67.9,
54.2,54.2,53.3,54.9,54.9,56.9,56.9,58.3,57.1,58.6,
58.6,58.5,58.5,58.1,58.1,58.0,58.0,58.0,58.0,57.9,
57.9,57.3,57.3,56.6,56.6,55.8,57.2,69.5,83.3,81.9,
81.8,80.7,80.5,81.3,81.3,82.2,68.3,56.1,55.1,53.9,
52.6,50.9,49.1,45.2,42.7,38.8,37.6,34.4,33.5,33.4,
32.9,32.7,33.0,39.2,55.5,71.5,87.8,104.0,120.2,136.0,
152.0,162.1,162.2,162.2,162.2,162.2,162.1,162.1,162.1,162.1,
162.1,162.1,162.0,162.0,161.9,162.0,162.0,162.1,162.0,162.0,
161.9,161.9,161.9,161.9,161.9,161.9,161.9,161.8,161.8,161.8,
161.8,161.8,161.8,161.8,161.8,161.8,161.8,161.8,161.8,161.8,
161.8,161.8,161.8,161.8,161.8,161.8,161.8,161.8,161.7,161.7,
161.7,145.2,129.5,114.0,98.3,86.1,70.8,55.7,41.0,38.3,
40.0,42.7,44.5,47.0,48.6,48.6,50.0,52.7,53.8,55.4,
55.4,55.4,55.4,55.4,57.0,69.2,82.9,95.0,108.7,121.8,
135.6,148.6,161.7,161.7,146.9,131.9,116.7,101.9,87.2,71.9,
56.6,41.1,41.1,40.4,39.6,39.2,39.8,39.2,38.2,38.0,
39.0,40.7,43.3,45.1,48.7,50.5,53.0,54.7,58.0,58.0,
56.3,57.9,56.3,58.0,56.3,57.9,56.3,57.9,56.3,57.9,
57.9,57.9,57.9,57.9,57.9,57.9,57.9,57.9,57.9,57.8,
57.8,57.8,58.5,56.9,58.5,57.0,58.6,57.1,58.7,57.3,
57.3,57.3,56.7,58.3,56.8,58.3,56.7,58.3,56.7,58.2,
58.2,58.2,58.2,58.2,58.2,58.2,58.8,58.0,59.5,71.7,
85.5,97.7,111.5,123.6,136.8,149.0,162.0,162.1,162.0,162.0,
162.0,162.0,161.9,161.9,161.9,161.9,161.9,161.8,161.8,161.8,
161.8,161.8,161.8,161.8,161.8,161.8,161.8,161.8,161.8,161.8,
161.8,161.7,161.7,161.7,161.7,161.7,161.7,161.8,161.8,161.8,
161.8,161.9,162.0,162.0,162.0,162.0,162.1,162.1,162.1,162.2,
162.1,162.1,162.0,162.0,162.0,162.0,162.0,161.9,161.9,161.8,
161.9,161.9,161.9,161.9,161.9,161.9,161.9,161.9,161.9,162.0,
161.9,161.9,148.9,135.1,121.3,107.6,93.7,79.8,65.9,52.1,
51.2,51.0,50.8,50.9,51.0,51.1,52.7,53.5,54.3,54.3,
55.1,55.1,56.8,56.8,58.4,56.9,57.4,56.7,56.7,58.8,
72.0,85.8,97.9,111.6,123.3,137.1,148.9,162.0,162.1,162.0,
161.9,162.0,162.0,161.9,161.9,161.9,161.9,161.9,161.8,161.8,
161.8,161.8,161.8,161.8,161.8,161.8,161.8,161.8,161.8,161.8,
161.8,161.8,161.8,161.9,161.8,161.8,161.8,161.8,161.9,161.9,
162.0,162.0,162.1,162.1,162.1,162.2,162.2,162.2,162.2,162.2,
162.1,162.1,162.1,162.1,162.1,162.2,162.2,162.3,162.2,162.2,
162.3,162.2,162.2,162.2,162.1,162.1,162.1,162.0,162.0,162.0,
162.0,162.0,162.0,162.0,162.0,162.0,162.0,162.0,162.1,162.1,
162.1,162.1,162.2,162.1,162.0,162.1,162.1,162.0,162.0,162.0,
161.9,161.9,161.9,161.9,162.0,161.9,162.0,162.0,162.1,162.1,
162.1,162.1,162.1,162.1,162.1,162.1,162.1,162.1,162.1,162.1,
162.2,162.2,162.2,162.2,162.2,162.2,162.2,162.3,162.2,162.2,
162.2,162.2,162.1,162.1,162.1,162.1,162.1,162.1,162.1,162.1,
162.1,162.1,162.2,162.2,162.2,162.2,162.2,162.1,162.2,162.1,